Алгоритмы нахождения простых чисел
                Перебором           Оптимизированный перебор        Классический эратосфен               Эратосфен с линейной сложностью
1.               24601                    89195                             142548                                   147528
2.               3195                     3604                              8652                                     3562
3.               2661                     3384                              5311                                     2538
4.               1994                     4752                              5202                                     2347
5.               2338                     3765                              5886                                     33760
6.               2739                     4144                              5592                                     29583
7.               120341                   20746                             15139                                    821266
8.               4977538                  20746                             116774                                   18668973
9.               225189586                2220563                           1105037                                  80294473
10.              19198619650              22921954                          8702526                                  5354051979