
        НОД разложением на степень 2         НОД остатком от деления       Битовые операции
1.              12200561                            746285                      6632641
2.              195177                              20612                       155079
3.              603576                              27083                       552416
4.              955217                              23962                       662919
5.              769172                              52418                       778641
6.              545806                              51510                       570537
7.              1105137                             434572                      1390832
8.              1140446                             1740988                     1417539
9.              1190275                             1762467                     1154064
10.             370577                              83082                       283652