Алгоритмы возведения числа в степень
                Метод простого умножения            Разложение степени на 2 с домножением               Разложение степени на 2
1.                    28773                                         25790                                       72401
2.                    4576                                          3237                                        4837
3.                    558409                                        270498                                      10917
4.                    1803975                                       277794                                      16807
5.                    10080750                                      5086173                                     13875
6.                    46218830                                      26993104                                    34353
7.                    130938834                                     25598897                                    14125
8.                    1274996293                                    480876893                                   17034
9.                    6866057006                                    4141258091                                  16583
10.                   70157667135                                   9778406301                                  20767