Алгоритмы нахождения чисел фибоначчи
            Рекурсия            Динамический подсчет        Золотое сечение          Матричный метод
1.           999818                 1010247                     1312832                 1014240
2.           44703                  65174                       61132                   9403
3.           42249                  30519                       6930                    4098
4.           29228                  26861                       8039                    9430
5.           32198                  16021                       6792                    5908
6.           51141                  17794                       11643                   6596
7.           588746                 22752                       16147                   9262
8.           -                      233796                      19558                   16427
9.           -                      2806169                     168164                  199253
10.          -                      15172267                    12099                   8969633
11.          -                      574567094                   2147483647              4629948935
12.          -                      30822908817                 22045                   88466934442