Массив из случайных цифр
Время мс

                    1       10      100     1.000       10.000      100.000     1.000.000

SelectionSort       0        0       0       11          142          11086      653554

InsertionSort       0        0       0       5           23           1901       160938

ShellSort 1/2       0        0       0       1           7            16         162

ShellSort 1/4       0        0       0       1           7            10         128

ShellSort 1/8       0        0       0       2           7            14         166

HeapSort            0        0       0       2           3            26         343