Массив из случайных чисел
Время мс

                    1       10      100     1.000       10.000      100.000     1.000.000

SelectionSort       0        0       0       7          144          5162        513921

InsertionSort       0        0       0       5           48          2030        166640

ShellSort 1/2       0        0       0       2           8            29         596

ShellSort 1/4       0        0       0       1           10           26         731

ShellSort 1/8       0        0       0       3           9            23         594

HeapSort            0        0       0       1           3            30         643