Почти отсортированный массив
Время мс

                    1       10      100     1.000       10.000      100.000     1.000.000

SelectionSort       0        0       0       6           106         5377        527008

InsertionSort       0        0       0       1           16          66          4478

ShellSort 1/2       0        0       0       1           6           19          416

ShellSort 1/4       0        0       0       1           6           15          187

ShellSort 1/8       0        0       0       2           7           16          213

HeapSort            0        0       0       0           3            25         382